70 350
175 101
50 5
149 52
98 112
80 19
95 122
54 2
231 96
207 180
49 210
120 215
178 145
41 244
67 227
172 138
240 225
28 351
95 342
247 354
201 283
0 351
145 366
163 338
73 371
125 435
112 413
140 420
119 490
209 400
203 397
214 407
206 480
444 53
287 80
469 22
369 38
406 47
251 102
472 66
443 27
281 206
457 216
307 220
313 139
482 231
292 126
302 170
421 140
303 360
304 325
471 338
267 330
336 368
328 297
327 357
433 341
459 469
259 488
452 421
495 447
344 429
258 405
298 403
483 466
90 78
9 68
30 58
37 20
135 94
3 71
107 19
30 101
181 101
209 101
187 18
156 8
222 95
69 114
210 7
44 26
180 36
228 47
211 108
157 88
197 5
4 53
200 121
55 2
110 115
67 58
249 105
205 83
143 83
73 8
28 112
39 122
210 56
186 54
168 38
219 41
132 53
157 19
87 11
195 103
150 46
84 21
105 61
220 48
25 44
102 119
6 3
184 93
188 119
19 231
210 185
8 156
218 169
26 141
152 177
54 246
120 187
85 150
35 157
58 195
27 230
37 131
41 248
112 149
106 220
16 143
147 238
95 219
194 208
225 211
33 233
44 160
28 226
19 139
112 170
225 191
86 174
162 225
238 149
237 172
126 245
13 216
167 198
190 158
242 143
153 187
129 191
222 215
74 240
48 178
247 153
137 219
102 308
195 361
150 294
2 275
11 334
247 304
188 292
172 293
208 343
11 277
184 334
170 303
35 320
157 361
53 303
160 351
29 327
205 372
14 289
163 349
166 283
113 365
51 284
88 336
42 315
125 332
114 328
31 318
128 330
233 299
161 310
138 318
37 304
135 370
128 365
223 312
231 262
49 266
56 335
131 250
222 348
29 348
184 366
204 425
9 389
209 479
90 406
247 475
187 464
2 493
245 413
109 454
242 468
154 392
36 470
186 417
76 479
112 450
51 391
139 440
141 395
8 426
214 443
166 435
51 415
63 494
40 443
51 476
109 496
171 382
84 377
116 457
238 394
85 423
248 376
211 422
59 496
154 408
182 422
110 468
72 426
9 409
176 500
174 448
136 439
175 402
390 2
368 29
253 28
307 50
312 48
407 99
380 117
404 94
271 123
370 110
429 1
320 40
296 1
497 105
338 39
311 124
288 62
283 29
412 113
439 14
270 25
437 70
384 75
341 53
379 64
471 20
492 60
500 72
329 23
480 46
423 56
488 111
374 26
368 26
279 124
266 5
316 79
490 72
318 65
287 97
408 54
379 18
296 17
337 204
324 150
364 148
400 135
325 201
251 148
275 202
386 181
285 239
493 245
334 250
481 183
275 202
274 147
456 179
458 198
426 162
341 228
261 184
496 196
269 246
395 179
461 150
315 162
457 193
462 173
499 131
361 165
438 211
376 181
366 226
303 183
479 176
284 126
250 194
462 161
277 234
263 146
274 219
455 232
362 241
421 186
425 246
412 260
394 265
283 254
396 250
302 318
424 254
343 337
277 342
292 355
356 282
351 346
488 272
430 302
410 251
301 361
339 291
367 352
476 357
386 346
298 266
302 337
287 275
354 273
485 325
394 361
273 301
384 326
286 318
370 308
498 263
407 280
498 320
311 357
476 275
499 333
307 288
402 371
335 279
361 337
379 348
480 278
261 323
486 290
363 377
396 441
481 434
436 442
349 441
355 442
426 435
418 482
488 454
328 448
266 443
305 463
414 497
476 478
264 390
402 451
355 488
429 426
318 451
347 447
349 376
353 421
457 401
336 456
271 451
337 459
296 445
275 461
322 398
497 472
460 451
361 406
430 453
331 486
315 496
331 453
345 492
436 489
411 493
431 422
287 466
372 479
323 497
91 37
231 48
76 23
243 95
126 27
10 84
