40 200
83 106
158 122
228 8
209 33
22 9
220 148
248 243
187 218
68 237
18 155
134 292
225 343
187 251
166 305
221 271
72 486
163 481
192 499
190 407
49 471
492 118
358 81
322 78
285 88
272 22
349 159
405 165
412 135
343 156
359 155
391 322
292 315
277 362
353 339
490 258
491 398
485 423
265 414
459 475
272 478
117 58
28 61
114 20
30 18
21 27
237 1
244 26
35 91
115 113
167 18
83 50
220 89
83 71
102 96
90 18
76 51
13 42
153 119
74 50
249 14
71 85
213 29
23 23
117 92
124 96
163 185
142 147
23 185
154 220
61 192
109 171
200 208
108 166
213 232
39 199
221 160
212 193
235 224
1 241
228 233
34 214
41 223
28 207
34 239
161 183
232 191
78 187
108 135
29 134
116 190
91 304
63 268
175 340
167 294
53 367
18 330
174 255
32 319
156 255
216 326
100 273
4 306
22 322
27 257
79 315
51 290
2 346
105 282
61 292
180 375
218 358
131 322
130 258
34 281
17 351
151 381
179 447
165 441
21 467
123 426
153 438
102 480
97 448
23 413
233 459
200 464
112 422
27 435
134 415
114 436
156 430
249 386
160 436
55 474
92 421
184 480
46 392
44 463
27 492
122 386
445 9
433 103
407 53
410 19
406 49
456 123
333 74
431 74
269 92
273 58
447 104
436 29
287 85
297 99
387 4
278 70
301 121
419 65
489 0
466 76
306 21
465 77
475 10
419 73
265 49
473 135
394 226
367 217
411 166
311 244
320 169
332 221
415 250
287 171
432 144
435 238
435 175
411 175
444 224
308 135
250 211
474 133
250 224
289 169
490 212
316 171
325 150
498 240
433 240
389 236
340 281
453 276
397 274
485 303
348 338
406 311
390 365
493 260
320 345
366 313
440 275
489 259
291 276
450 296
485 310
467 361
308 316
370 250
446 331
434 362
408 370
258 256
280 301
389 365
461 314
359 445
301 461
369 424
346 385
328 441
436 475
268 384
457 449
336 464
457 387
397 399
360 490
371 423
329 475
487 436
333 403
380 383
283 481
307 474
396 470
371 493
320 489
376 433
259 378
425 489
