70 350
211 114
199 37
245 20
61 50
47 68
225 103
150 19
159 3
42 193
220 239
141 231
247 170
97 143
65 232
244 163
231 203
109 327
24 264
19 363
94 268
164 343
220 288
50 271
32 318
175 429
103 457
138 459
86 437
234 391
38 459
155 419
69 428
339 76
380 109
259 101
322 97
392 100
408 16
347 91
408 56
280 162
398 239
351 226
368 164
438 248
353 134
433 177
375 176
375 375
489 312
467 302
459 285
432 268
319 341
280 370
321 344
283 454
377 427
413 403
432 475
366 383
298 429
294 380
379 430
27 65
13 99
19 0
61 78
69 87
228 26
242 97
199 14
157 66
173 96
1 43
46 66
212 105
22 57
83 54
150 116
242 80
216 2
4 38
134 124
91 103
66 31
52 82
141 101
44 77
98 10
221 58
67 82
238 116
105 104
211 35
209 2
164 36
187 13
185 101
159 72
54 96
36 30
75 89
227 98
140 25
75 12
220 17
215 6
247 114
145 88
17 22
53 64
236 1
65 205
90 198
183 242
190 163
249 138
130 203
209 193
86 149
208 157
212 234
137 148
85 238
237 225
23 246
245 208
97 149
32 234
95 157
90 163
164 235
56 186
188 214
93 168
158 153
231 185
202 210
67 137
52 186
247 188
40 178
43 195
250 199
242 189
226 162
78 208
66 176
85 200
37 138
174 242
245 175
238 169
240 144
192 186
78 264
82 363
59 351
51 337
80 351
139 250
188 318
209 312
35 327
4 281
235 285
107 343
68 322
144 280
51 323
174 339
70 337
148 336
0 255
232 300
84 349
218 310
116 325
247 362
130 344
115 372
178 307
227 352
125 272
243 373
181 345
239 345
206 353
144 257
76 339
201 318
95 310
190 319
52 329
128 330
210 333
215 351
29 319
119 478
20 400
77 379
214 419
65 386
86 469
13 376
178 486
188 437
219 386
61 456
15 433
159 397
219 377
169 431
46 381
42 387
199 428
232 442
27 422
192 384
249 409
222 497
127 433
147 435
147 457
109 445
127 449
204 436
213 476
65 407
115 497
212 439
237 379
61 416
66 450
87 427
177 482
140 398
172 469
185 398
92 480
132 496
378 4
493 30
493 119
422 35
323 15
426 77
460 9
418 81
291 57
445 73
469 76
296 47
469 105
298 0
469 109
445 119
250 72
295 81
474 90
366 8
304 106
349 74
392 2
447 71
394 118
409 89
468 18
328 2
261 52
406 115
322 71
497 61
456 53
357 79
428 22
457 104
367 13
298 36
355 13
425 88
442 81
436 55
401 117
416 136
428 217
270 188
313 188
395 230
360 190
260 212
354 131
497 168
366 180
340 132
345 142
401 169
460 234
463 142
309 238
261 154
433 212
488 248
460 212
403 144
344 199
291 132
409 186
447 151
356 153
354 125
265 188
442 165
264 186
398 220
393 199
448 223
375 234
473 160
391 247
255 142
409 206
322 169
310 187
403 179
275 141
422 220
496 285
273 267
324 251
442 364
326 283
467 329
329 311
362 352
371 338
394 261
293 330
291 261
299 316
476 347
401 350
491 327
275 273
365 363
453 315
268 339
253 344
442 293
388 277
496 342
252 357
479 371
332 371
361 274
339 352
439 319
415 280
292 313
453 304
370 307
365 357
279 258
345 305
403 374
436 311
415 346
496 375
467 281
260 331
259 420
369 378
331 472
429 397
425 376
376 385
273 383
431 427
304 419
470 444
264 421
448 428
387 404
447 428
333 396
359 437
327 486
487 447
439 491
484 376
300 407
254 444
404 477
364 384
281 471
265 455
459 491
419 457
354 402
313 499
438 450
498 467
443 446
486 451
481 422
299 468
418 390
268 388
424 409
280 455
444 489
461 396
440 462
21 57
237 29
26 32
45 110
38 46
238 0
