40 200
145 46
63 110
90 122
93 45
38 54
127 239
169 153
30 211
169 192
172 136
172 363
45 321
162 342
30 287
162 357
148 453
68 477
206 431
232 393
124 435
263 53
473 66
377 20
487 60
383 42
493 151
332 207
414 152
294 185
389 218
378 309
405 258
477 317
319 250
308 327
254 488
317 448
394 472
288 407
353 443
37 103
14 45
92 75
158 39
149 55
23 77
8 107
82 92
237 122
135 50
73 25
248 16
101 55
243 120
21 103
68 11
230 72
74 13
234 79
141 105
177 8
210 84
245 62
88 67
63 92
3 230
172 245
3 228
119 197
219 174
225 171
99 190
43 153
178 132
153 224
104 138
181 139
118 238
192 232
135 156
137 181
36 188
167 227
30 221
108 206
54 202
189 192
16 174
2 194
38 130
55 278
42 299
62 287
19 290
240 335
100 275
234 373
102 354
42 262
246 340
133 327
104 284
151 251
54 294
26 286
157 371
63 271
51 255
210 310
104 269
32 351
215 302
6 285
54 270
34 266
149 468
244 424
207 391
213 462
25 395
225 451
41 492
80 386
56 469
61 478
132 471
182 382
10 419
45 424
168 402
75 410
65 375
205 383
236 390
59 441
71 478
55 453
182 384
152 426
7 383
341 58
426 67
283 72
461 49
427 65
428 95
352 32
373 86
264 117
296 14
356 91
497 24
463 55
331 76
383 114
324 114
438 76
403 15
372 54
480 28
464 122
464 67
496 78
254 19
499 33
255 172
487 178
435 201
355 203
499 138
405 150
364 150
388 215
488 146
379 130
307 179
408 151
416 190
392 167
493 244
356 195
348 148
314 128
486 146
378 191
454 247
496 167
310 242
278 165
254 182
265 348
463 251
385 348
406 368
483 293
286 332
499 299
347 351
423 257
387 304
361 365
311 368
375 278
378 290
345 264
372 254
298 282
342 346
370 293
481 369
467 334
276 254
299 315
483 355
490 262
368 472
285 431
496 476
381 499
270 456
373 480
294 495
274 380
371 496
413 472
394 489
486 440
429 497
368 472
266 488
406 484
461 379
434 377
391 434
297 380
354 424
274 422
345 422
387 498
413 455
