40 200
220 118
14 38
168 70
119 18
143 53
126 244
22 228
104 227
164 131
224 150
83 261
249 337
68 362
112 250
122 256
120 496
81 429
224 469
50 485
222 487
265 69
460 0
396 101
322 15
325 31
320 126
356 243
402 128
478 211
408 133
475 320
276 262
375 258
408 287
253 370
317 473
452 415
282 471
387 393
323 425
231 28
250 60
236 56
171 82
175 51
69 52
93 122
13 65
174 77
245 75
196 66
14 25
211 69
109 125
112 118
201 67
145 104
186 70
243 21
72 3
19 61
178 32
216 39
17 57
25 92
20 144
204 232
101 236
25 200
66 171
231 239
143 248
11 146
140 250
7 137
190 170
234 155
179 169
124 248
201 217
153 170
109 229
98 236
69 161
220 189
50 233
149 180
243 231
248 156
234 134
179 268
124 291
215 310
125 284
146 281
221 332
169 285
154 284
131 283
178 301
179 370
22 295
66 295
18 364
86 328
249 344
202 326
68 295
226 330
181 373
105 352
189 296
64 365
25 351
26 256
3 389
130 388
100 412
179 430
34 435
236 434
27 446
153 429
117 432
91 478
8 411
69 397
143 441
239 394
63 402
77 390
162 449
134 496
241 447
114 475
171 437
217 448
161 462
103 419
160 413
364 87
495 64
425 36
304 44
386 92
384 12
457 120
476 101
458 120
257 119
356 38
461 82
415 46
262 2
420 72
403 7
385 76
408 77
305 103
408 104
396 89
299 47
313 70
284 41
317 33
492 208
297 175
391 136
255 233
394 231
376 248
479 212
495 193
356 137
476 126
280 180
252 139
282 248
272 197
354 174
404 210
341 196
489 156
356 207
414 224
366 157
492 126
315 209
348 125
469 168
357 357
293 298
298 298
480 280
270 304
409 349
337 319
366 277
337 315
314 369
353 299
372 254
304 366
266 262
441 284
324 374
279 360
470 311
304 323
472 262
311 252
298 251
462 363
349 349
433 321
379 487
264 449
445 425
261 417
344 476
468 387
384 459
318 397
262 385
356 433
290 393
421 486
355 381
347 417
296 384
383 419
481 428
313 375
499 408
329 461
398 394
324 384
361 422
343 450
467 407
