70 350
6 115
202 46
136 43
74 26
76 77
162 89
235 24
238 122
99 160
248 141
134 196
41 196
149 198
209 129
38 218
51 197
42 325
157 252
48 332
171 363
100 330
57 372
221 339
246 272
226 448
248 396
131 402
191 493
97 392
141 392
66 391
26 452
423 39
291 105
387 108
386 38
365 108
401 43
354 70
493 85
475 174
487 187
448 138
384 170
487 161
325 142
280 186
261 138
469 311
307 337
467 320
414 288
308 296
489 258
399 352
500 364
381 484
487 420
408 468
430 382
309 494
252 429
363 449
436 492
66 119
130 40
145 18
125 54
116 20
199 87
115 21
126 23
67 96
240 89
131 19
126 115
35 118
190 2
175 125
183 75
190 54
184 99
26 46
69 115
178 73
21 91
169 112
115 34
84 67
74 10
231 20
25 47
222 54
127 86
73 100
37 23
126 125
0 5
122 118
229 59
196 115
56 8
108 122
185 79
120 12
230 70
90 3
34 73
103 52
49 81
162 95
80 75
140 60
0 180
187 232
237 191
210 220
179 176
140 238
49 168
13 152
143 243
249 218
154 164
164 177
31 238
112 153
93 131
83 181
165 146
21 249
69 145
124 187
72 125
102 249
149 137
218 132
24 207
245 241
174 224
179 210
167 249
206 159
13 208
236 239
20 232
199 221
82 250
247 135
220 202
242 237
191 147
138 186
57 213
44 219
64 131
35 362
164 264
14 310
207 374
126 316
155 365
169 271
223 297
131 286
24 353
73 277
64 324
130 270
10 339
111 260
87 341
71 309
175 370
110 269
83 293
74 337
69 279
158 359
67 274
151 270
191 342
109 359
110 364
137 264
201 371
42 307
185 258
189 327
16 265
220 255
142 328
12 296
210 304
44 261
173 367
13 333
120 265
155 337
49 408
55 390
118 426
113 481
88 480
131 480
88 438
89 472
125 417
48 388
45 467
204 483
110 478
242 399
213 407
35 479
57 448
232 450
51 444
212 384
236 444
250 446
176 489
237 422
116 442
41 389
247 496
57 456
19 453
110 377
1 404
72 420
239 399
125 450
235 442
15 429
82 415
53 446
151 453
61 467
128 382
142 399
141 452
408 72
308 96
294 89
471 81
380 99
378 27
485 89
404 8
453 117
284 108
297 72
270 66
256 5
304 35
472 106
255 89
327 61
360 42
332 89
377 86
345 38
274 42
424 21
402 88
379 8
407 68
440 73
264 24
261 60
264 24
497 13
252 3
296 96
442 116
352 4
449 34
347 98
321 116
369 117
461 35
372 21
440 46
253 71
499 221
425 187
398 173
492 215
406 232
289 174
408 227
294 143
412 233
312 191
428 236
472 185
257 195
330 131
444 230
349 220
286 142
360 186
411 154
322 126
347 145
440 141
497 248
302 188
331 199
297 214
459 216
311 243
380 231
371 148
380 162
425 170
352 209
432 161
298 191
331 239
434 198
286 143
396 242
268 219
429 147
382 250
317 226
329 267
367 365
431 330
280 314
269 373
256 309
318 300
376 343
286 374
408 280
252 304
365 356
351 314
489 261
411 335
315 349
282 307
390 301
305 266
328 253
484 360
305 270
424 369
360 264
318 308
260 261
255 315
289 311
484 358
454 275
253 340
465 278
264 355
482 304
308 260
299 370
258 259
281 265
443 328
287 299
486 276
428 307
419 313
284 407
500 441
469 396
297 463
461 391
460 495
398 463
438 416
487 490
372 383
349 405
454 489
345 486
321 454
486 447
313 404
458 413
348 479
448 410
336 465
262 406
365 398
393 465
410 448
362 418
305 375
262 378
331 466
316 452
311 471
391 379
465 386
396 390
315 476
280 416
411 464
397 475
453 405
356 434
262 382
327 401
377 459
294 467
56 85
110 37
28 55
53 26
121 6
90 23
