70 350
227 46
1 118
87 116
174 37
114 80
238 71
103 79
128 107
161 197
87 155
217 130
247 207
46 233
20 182
122 131
38 141
75 371
159 320
120 335
10 288
34 310
19 262
234 326
122 278
223 478
175 486
99 428
56 439
28 493
226 410
243 487
111 472
357 68
364 56
293 65
275 119
316 15
393 80
261 63
358 124
364 134
341 127
401 186
387 250
371 204
364 168
407 180
466 127
262 283
379 337
343 298
489 283
326 309
429 280
427 319
294 328
451 482
372 490
281 457
359 391
410 426
488 482
485 416
314 430
32 55
93 66
125 40
229 31
5 68
184 25
120 121
123 100
124 16
207 97
158 73
7 7
56 108
46 14
221 46
150 99
234 30
79 36
118 54
216 32
15 66
92 112
214 27
113 29
16 86
218 125
117 110
13 21
53 87
43 74
142 85
108 113
152 50
150 59
220 114
116 76
39 83
21 100
112 110
180 115
39 91
155 29
71 60
201 109
56 95
240 104
120 34
133 83
99 39
216 199
40 158
73 220
93 179
79 202
183 187
18 231
42 164
229 250
76 150
111 217
213 125
86 194
65 179
58 151
238 242
39 183
198 235
202 179
17 152
222 243
212 250
242 138
229 235
227 143
224 144
129 170
171 196
19 195
116 185
139 227
149 126
92 241
204 190
234 152
95 225
116 233
83 144
245 128
80 214
195 205
200 203
110 191
183 326
103 346
36 355
47 336
103 322
199 365
83 366
69 259
160 363
57 270
213 272
204 252
42 313
119 298
63 360
137 290
78 311
197 287
124 278
211 294
83 336
54 316
206 364
165 373
11 308
23 273
4 266
98 314
227 358
109 340
157 295
239 331
103 340
175 288
22 289
2 291
129 340
44 252
223 316
232 252
228 305
233 254
229 289
166 399
97 454
237 471
196 455
111 467
79 479
98 389
19 498
73 433
80 493
39 468
161 489
38 436
102 381
139 397
194 401
199 485
34 461
172 496
127 436
206 484
20 442
39 399
166 402
82 433
106 487
125 391
53 416
134 459
142 451
21 379
52 408
135 428
132 396
50 495
183 454
32 440
128 465
146 382
244 386
131 413
88 399
7 483
281 23
486 20
384 51
282 41
492 31
352 113
376 30
491 39
305 3
378 21
297 34
414 54
320 102
465 18
441 68
333 70
258 116
429 55
302 6
376 101
409 107
462 48
378 17
326 106
494 107
313 68
362 51
303 18
421 106
358 9
287 115
372 11
295 36
266 47
365 26
292 29
396 13
292 21
416 55
377 50
344 21
439 63
483 30
398 139
380 196
281 188
422 152
494 183
412 126
309 218
291 202
321 219
480 250
404 208
320 191
424 146
326 180
410 231
259 145
494 178
354 200
436 240
375 198
391 225
413 242
398 201
288 138
490 172
497 207
323 169
250 158
463 139
441 126
391 209
463 203
461 156
309 218
487 232
319 169
360 161
335 133
291 125
345 238
311 188
491 182
310 235
329 293
473 336
286 314
486 278
459 269
293 365
419 353
336 372
393 342
455 289
251 318
417 271
438 372
487 294
290 348
318 266
458 338
285 278
497 327
306 335
422 323
450 366
392 342
326 275
310 294
394 283
466 342
458 326
435 332
480 319
484 262
441 360
366 306
444 289
299 266
383 323
440 333
374 341
306 335
329 307
452 349
294 353
269 364
289 451
418 425
328 463
368 406
442 390
498 468
340 443
458 385
276 431
451 428
448 384
478 485
250 482
276 477
350 463
374 451
320 492
297 461
420 439
436 484
255 393
324 490
491 461
356 436
490 485
337 490
452 476
253 461
275 438
432 401
351 456
335 439
464 405
400 399
492 488
365 495
456 385
422 420
464 474
251 442
397 476
256 424
467 483
214 72
145 104
144 7
53 103
109 40
76 61
