70 350
191 25
103 85
128 30
98 99
34 30
108 90
146 53
86 74
75 176
167 125
196 232
179 182
241 208
22 186
49 231
46 162
131 269
230 272
235 326
117 302
120 326
82 340
96 260
163 322
173 491
185 433
238 389
201 484
142 377
141 473
189 483
248 399
463 54
270 35
251 120
323 68
443 88
486 40
499 47
280 88
365 178
263 238
358 172
332 217
277 187
304 151
275 173
261 209
442 276
332 357
460 334
296 328
481 283
438 362
336 306
268 317
489 497
255 424
320 482
309 481
387 464
447 459
489 439
418 475
209 59
201 35
249 99
205 99
209 75
97 69
237 43
205 60
148 51
243 102
231 40
4 83
67 98
94 63
235 7
44 9
59 112
91 81
73 124
240 113
120 94
30 8
249 73
140 56
82 6
73 47
145 31
151 22
209 54
11 96
211 28
189 99
61 70
149 91
204 59
175 44
117 41
142 89
237 31
10 120
49 120
163 29
208 97
205 33
224 17
59 17
110 23
13 112
50 31
171 218
160 146
36 135
121 178
107 197
205 161
226 150
76 202
220 243
150 191
145 139
155 243
136 227
196 174
176 226
247 187
23 217
250 190
95 227
185 125
26 142
57 136
193 130
212 182
153 223
21 238
36 225
205 177
186 233
63 148
81 204
25 171
115 150
146 226
95 229
19 191
71 220
174 197
42 227
160 152
117 205
206 220
55 223
93 371
79 337
241 297
249 267
34 306
55 293
84 340
31 366
221 252
64 273
162 321
154 337
9 312
133 252
65 348
123 302
37 294
3 323
139 311
142 343
52 262
87 371
140 322
6 347
36 280
170 360
191 287
14 280
230 290
98 266
137 261
24 304
186 284
166 275
73 322
24 293
127 292
154 326
227 322
122 299
103 320
47 259
133 337
0 472
86 443
118 445
185 441
42 422
181 466
225 380
86 424
107 450
103 456
132 412
70 392
65 456
210 491
82 416
198 410
45 412
227 428
62 480
63 457
180 408
187 448
131 395
79 412
237 474
68 401
187 454
124 470
46 487
29 486
40 396
185 405
134 419
67 388
143 487
49 427
54 481
136 402
15 393
248 418
233 464
19 477
163 388
293 13
474 19
256 94
417 56
343 57
333 9
295 12
476 51
285 68
303 57
257 92
300 47
260 125
413 115
448 125
450 67
296 113
303 12
492 37
449 99
263 26
299 36
370 91
358 80
479 53
262 8
386 85
475 88
489 77
318 65
388 100
363 61
464 16
278 119
467 3
353 56
483 88
484 57
378 99
490 59
423 119
268 27
265 56
320 208
276 137
489 156
396 225
286 161
442 202
324 209
322 244
361 164
356 181
285 200
457 232
299 170
253 220
403 142
295 230
270 178
262 224
346 176
411 182
257 201
326 222
317 226
308 240
386 222
351 235
468 175
484 135
321 193
302 129
497 215
372 179
353 235
331 235
264 140
391 200
381 246
441 199
382 175
491 157
270 243
386 227
426 142
496 260
343 334
357 324
328 289
323 304
363 290
321 260
252 371
313 359
417 310
309 334
363 291
432 358
308 332
441 359
279 348
300 291
258 272
292 358
337 262
333 317
296 348
496 346
427 266
452 298
326 347
381 297
382 370
466 288
288 262
477 270
396 367
475 358
299 257
434 369
411 353
496 273
420 254
345 360
406 309
298 252
340 269
495 323
392 408
444 496
479 425
263 443
253 462
477 407
493 496
331 449
460 466
309 432
451 413
335 386
278 449
417 401
280 449
279 465
486 494
490 440
299 390
299 428
304 487
311 466
294 385
328 382
367 473
408 494
289 430
359 457
494 434
478 500
374 465
449 379
451 412
496 434
463 428
398 481
383 495
339 395
450 425
402 409
491 453
418 499
349 392
34 43
1 123
195 6
250 80
198 21
99 20
