40 200
250 61
215 92
218 123
132 15
105 50
50 137
16 181
214 242
102 228
247 144
0 327
44 326
171 327
188 323
38 343
21 427
161 383
221 401
229 481
131 436
331 90
359 110
382 122
446 9
329 1
255 171
250 216
424 183
296 244
323 242
298 351
329 368
441 355
335 328
346 287
429 399
250 382
290 435
367 400
320 386
91 77
32 112
31 7
55 1
40 1
29 26
80 2
172 76
17 104
35 75
207 88
190 31
193 56
169 94
221 26
42 103
213 98
50 1
6 25
5 119
170 10
193 105
93 72
139 120
197 30
171 235
111 209
135 133
136 152
80 225
226 139
147 172
67 226
35 242
232 209
58 144
213 165
72 165
215 201
234 185
108 186
214 166
7 237
173 236
132 203
92 204
104 131
131 236
65 137
90 138
180 296
136 309
133 277
209 296
77 296
13 250
5 360
143 365
146 279
41 284
85 268
195 329
62 307
24 328
167 257
186 259
108 268
14 259
22 295
242 357
147 287
136 288
105 260
60 332
60 338
167 478
133 428
201 387
23 481
204 499
68 414
191 439
188 497
160 378
181 404
204 463
117 497
178 414
84 459
76 491
38 404
29 415
241 397
92 454
142 474
78 435
206 471
96 400
124 382
205 467
373 101
391 125
402 10
291 25
472 79
311 3
452 25
324 73
359 30
474 96
402 5
407 101
474 19
375 10
402 88
495 74
488 112
469 112
283 58
317 24
282 90
255 55
286 100
300 78
289 74
459 166
408 180
252 208
482 190
285 138
425 148
317 137
349 191
334 229
462 243
290 187
494 139
410 211
337 193
257 201
293 172
258 147
344 249
369 131
438 130
458 196
376 137
260 135
297 237
310 137
304 323
296 335
432 253
282 332
454 256
349 337
373 339
253 288
263 355
311 371
424 362
254 343
473 258
494 275
493 293
313 306
349 334
271 296
272 344
479 261
467 373
370 293
489 255
422 367
274 273
488 450
461 438
461 498
346 492
374 436
310 391
270 432
390 425
434 401
292 461
413 499
424 399
491 375
315 468
389 409
265 430
334 391
444 428
433 481
412 437
448 495
500 491
366 494
410 405
326 376
