40 200
119 15
18 53
65 90
180 28
22 83
55 139
201 240
24 138
54 243
84 231
124 280
206 290
103 340
65 310
61 360
124 491
227 404
230 442
101 461
25 433
485 74
411 55
272 89
281 102
334 79
405 244
352 207
446 174
385 206
434 152
294 265
271 262
270 369
406 321
326 302
439 452
293 460
323 420
268 472
395 391
121 76
198 89
240 92
177 105
10 69
238 60
207 102
59 98
75 34
223 107
193 108
205 111
176 21
67 66
96 60
81 17
178 7
87 8
194 61
153 74
75 77
220 46
94 60
241 85
93 44
87 227
68 128
159 223
183 143
128 197
218 183
191 127
3 137
179 133
156 133
179 205
139 133
130 161
61 208
207 186
235 184
54 130
214 132
238 249
17 238
135 172
126 172
182 153
174 141
88 219
121 334
138 259
107 285
229 316
240 286
65 276
12 250
51 284
198 287
46 263
179 371
228 374
207 269
62 283
25 331
191 304
93 338
129 288
125 351
35 339
44 269
115 370
176 328
150 290
119 275
241 499
181 486
55 428
16 453
56 470
195 403
232 446
241 453
29 462
162 409
52 440
170 412
93 478
161 480
157 382
107 411
80 462
111 415
112 496
164 500
167 422
79 445
78 441
40 376
43 461
424 43
429 86
482 113
315 25
302 62
388 83
459 27
351 22
269 9
428 125
379 51
359 8
266 68
383 3
475 89
338 125
329 4
323 22
485 24
401 52
349 69
419 36
366 112
305 99
467 23
288 243
472 150
431 227
352 140
280 225
469 189
250 185
420 160
492 244
381 202
270 144
312 250
445 151
440 135
273 221
316 199
468 174
256 230
452 215
259 181
390 223
316 170
442 236
427 150
359 164
262 323
448 258
437 372
284 375
456 361
361 327
440 321
496 276
332 362
349 254
373 332
366 372
253 313
264 294
455 257
450 306
479 365
373 361
382 347
426 268
335 325
280 374
286 296
275 260
349 253
350 387
452 394
345 437
412 377
375 498
320 404
431 480
462 404
424 451
346 476
292 422
445 420
294 436
290 444
493 383
379 400
487 439
328 431
499 454
478 431
393 383
302 402
345 499
284 433
310 414
