40 200
93 102
112 123
152 58
17 2
5 120
234 164
120 201
132 199
77 175
135 192
189 322
228 251
158 345
214 332
98 364
99 403
22 458
142 453
108 403
177 431
342 94
348 44
305 32
438 27
285 125
430 203
373 198
478 195
475 218
479 205
348 347
387 274
426 294
381 266
483 285
487 407
407 481
389 494
499 410
438 472
205 57
131 7
249 100
83 53
8 82
203 43
154 96
37 104
165 72
60 38
62 56
25 72
112 114
142 3
171 16
206 23
125 59
212 11
154 43
27 43
112 11
92 15
195 49
5 95
122 115
33 223
76 128
201 217
248 215
37 212
98 187
145 199
213 247
180 135
45 168
2 139
96 244
142 211
180 184
141 208
82 179
186 199
122 163
83 151
39 144
216 142
175 159
209 139
233 215
138 189
187 264
121 353
152 283
188 350
127 363
144 284
41 254
138 349
103 313
98 305
225 297
240 329
126 286
69 281
24 368
87 371
235 272
70 320
41 258
217 291
169 320
128 312
208 364
246 302
204 293
83 404
118 422
16 457
69 452
199 411
165 473
34 393
151 393
3 447
126 457
222 408
158 450
63 418
163 410
145 488
25 413
208 422
130 439
239 484
18 425
11 499
104 436
113 498
179 452
216 412
256 36
318 105
292 36
421 120
291 66
349 71
428 31
329 92
273 35
446 102
402 4
473 119
458 73
322 49
317 64
490 17
357 58
495 21
486 120
435 85
486 16
374 6
350 12
356 52
297 5
460 179
457 241
288 127
487 202
425 194
395 219
274 211
339 231
496 223
269 140
371 242
353 216
475 246
350 221
416 206
275 202
337 208
311 198
419 150
279 163
327 206
499 182
461 229
464 128
464 146
371 306
433 264
488 270
412 256
428 312
437 330
380 342
394 319
491 334
425 330
272 299
283 259
382 347
264 290
453 250
276 358
410 315
265 375
281 268
483 292
342 315
285 360
273 286
318 290
346 252
446 428
254 482
332 398
330 380
481 406
405 453
318 464
286 420
340 413
417 481
441 481
266 401
272 494
464 415
330 405
352 443
399 499
360 477
495 474
296 474
432 460
468 391
459 458
431 486
319 498
