40 200
76 52
172 42
59 80
17 22
51 108
221 196
29 150
163 213
72 179
17 158
113 297
228 340
209 255
7 374
221 271
155 465
169 414
119 397
120 431
10 420
473 119
411 69
371 111
487 67
375 69
357 183
274 229
395 201
430 250
291 137
373 280
346 355
408 302
397 312
449 313
283 385
370 448
405 430
473 430
488 404
234 85
75 119
198 22
64 101
213 118
191 10
181 93
197 28
26 30
32 5
186 60
247 82
218 81
32 65
162 68
120 39
209 31
217 75
34 107
213 0
68 94
16 87
4 21
70 94
117 7
91 130
109 214
33 138
174 227
194 205
220 164
221 240
108 171
146 134
1 138
154 190
139 241
117 128
42 192
141 225
203 229
72 165
9 147
0 244
115 181
190 179
13 207
124 212
10 205
132 200
40 330
174 288
86 321
250 254
195 313
244 299
53 366
175 303
67 300
141 301
240 310
4 251
227 257
3 256
126 302
7 355
20 362
84 344
231 285
122 267
65 300
49 286
94 325
94 316
140 332
193 425
215 414
186 401
17 460
27 380
96 450
151 426
36 477
29 377
249 444
123 439
117 390
112 467
135 443
138 413
173 461
208 406
26 396
74 420
245 396
113 403
34 480
230 406
20 384
153 379
388 26
408 97
467 29
325 87
392 14
385 19
449 3
423 21
383 112
415 77
357 124
288 107
372 35
365 22
357 124
321 4
366 122
474 45
257 116
326 93
463 45
315 17
454 90
497 105
285 95
407 191
479 128
304 227
262 219
449 176
383 174
311 142
331 130
334 147
395 125
254 249
354 229
251 240
261 182
498 187
394 238
291 181
486 239
297 196
427 203
323 239
272 231
323 242
428 149
320 241
425 348
495 283
454 358
307 331
258 325
333 281
500 371
376 290
429 363
378 282
308 371
374 293
400 304
469 342
346 374
304 346
318 303
379 253
421 287
253 280
308 259
268 321
390 273
348 324
450 359
289 448
281 449
391 470
481 493
329 433
383 429
363 445
497 451
404 423
458 450
425 401
477 434
342 471
283 440
375 433
276 414
338 376
352 459
368 387
429 477
488 447
266 407
341 474
359 442
260 483
