70 350
45 40
143 67
5 31
0 61
101 26
144 114
244 82
133 105
8 211
242 133
24 196
177 187
112 193
43 221
176 217
32 136
224 300
246 361
232 288
125 303
75 363
81 259
240 362
122 271
118 450
198 453
156 407
212 389
144 428
74 498
110 390
171 375
426 83
286 120
290 80
497 97
263 14
383 3
327 40
360 30
419 151
281 180
296 238
481 180
307 140
310 235
347 193
351 192
473 258
483 256
343 263
490 343
322 283
251 344
286 354
493 292
472 397
481 420
343 428
425 496
380 466
431 479
337 457
470 402
91 5
5 41
188 63
199 4
88 30
209 120
125 11
1 50
59 124
100 87
59 33
209 81
98 124
47 116
120 94
143 38
30 117
156 59
163 8
246 10
7 91
206 10
26 12
4 118
146 75
124 62
132 58
245 40
142 52
201 102
186 114
215 82
82 49
76 102
195 76
83 114
183 108
233 8
36 96
230 28
190 83
192 44
114 95
55 29
35 120
84 98
225 85
48 98
148 7
177 153
185 210
167 145
123 190
100 192
128 188
16 128
171 165
119 190
121 185
137 174
137 168
95 226
17 171
93 229
148 223
182 180
213 184
59 141
83 139
133 206
139 161
200 213
250 200
179 247
106 186
234 174
124 220
38 166
45 220
162 181
184 177
136 184
107 219
184 216
114 230
249 169
220 237
203 178
171 242
161 132
225 194
226 183
5 273
32 316
152 301
200 263
104 274
97 281
125 354
77 299
123 301
155 259
221 323
222 344
248 298
170 260
84 337
189 297
136 270
100 279
221 291
126 350
138 259
81 266
224 348
159 304
225 257
80 358
83 282
35 264
177 347
102 341
17 357
226 323
204 356
222 356
112 297
108 251
60 323
142 290
198 285
185 303
227 360
204 323
223 309
174 420
150 440
61 420
170 429
20 407
78 494
166 431
137 476
36 399
143 500
16 430
207 439
46 495
149 423
22 428
233 422
165 390
39 443
27 376
27 442
147 389
123 493
107 450
194 457
49 380
199 382
206 471
62 422
221 484
227 482
163 434
182 478
7 431
76 439
185 408
164 483
148 425
249 479
36 464
21 442
33 385
37 405
78 416
326 54
459 1
379 14
481 40
452 23
449 29
426 82
400 59
491 88
318 14
471 32
375 75
421 83
461 66
264 65
495 84
373 104
344 64
410 76
461 22
289 71
487 118
356 101
466 61
346 6
310 104
377 67
471 105
421 118
327 124
480 90
269 121
418 36
349 35
250 50
406 113
366 74
314 75
323 70
443 92
296 62
388 101
274 75
328 203
363 221
462 237
439 133
372 126
375 157
280 241
495 161
320 250
331 199
424 225
499 249
346 185
495 151
313 238
263 243
406 219
314 170
444 163
419 195
363 166
362 214
331 186
253 200
453 181
283 176
481 250
262 240
370 176
294 136
434 180
466 210
317 202
269 174
351 216
469 207
320 242
472 165
415 230
271 161
419 145
274 212
448 248
329 325
364 358
252 310
370 329
386 333
352 276
473 276
344 305
402 332
363 317
497 287
334 288
336 365
323 291
305 325
487 299
344 255
379 366
375 314
466 273
323 288
484 277
458 358
360 292
283 292
316 311
408 321
362 252
457 345
253 255
493 360
394 304
472 374
486 277
283 370
287 298
320 323
498 370
374 363
306 363
493 261
293 338
313 337
382 439
350 457
423 475
378 497
302 479
373 451
459 378
412 381
425 403
442 400
451 422
431 446
313 412
268 382
340 468
360 472
391 382
340 383
252 493
341 494
254 380
252 479
362 388
370 469
303 414
271 421
351 492
315 467
287 396
484 485
269 475
286 437
268 458
269 377
315 404
352 430
355 399
449 390
305 386
269 458
485 473
437 388
362 482
142 114
80 117
79 109
7 95
52 47
231 92
