40 200
67 56
106 34
136 30
209 46
206 123
206 180
157 184
80 240
200 241
151 248
172 267
112 307
238 287
211 355
230 303
14 414
60 438
170 443
89 435
246 452
372 16
421 107
388 31
447 2
475 92
390 138
307 195
443 133
298 179
422 205
415 254
389 270
372 370
257 258
456 294
287 376
310 382
280 476
433 377
323 418
146 94
223 46
176 60
11 57
226 63
225 93
158 15
57 14
228 70
139 119
207 53
191 99
189 30
130 32
80 69
241 74
235 14
158 57
205 114
72 98
27 42
136 101
83 113
44 84
6 115
84 210
175 232
105 231
80 240
105 194
231 147
25 249
3 216
66 240
246 169
9 219
4 190
73 141
114 241
90 250
155 138
178 189
165 191
65 214
125 220
206 227
29 242
23 199
57 243
247 201
195 370
4 329
109 369
230 332
122 318
119 345
186 367
69 282
120 368
8 322
228 285
157 362
236 301
212 366
67 367
223 282
151 303
232 305
1 319
85 359
114 338
51 304
16 345
20 294
204 264
122 402
25 439
84 385
219 483
202 388
197 415
219 380
232 406
187 470
105 446
101 495
70 489
76 492
244 448
107 488
191 479
136 377
169 384
3 417
69 393
35 384
227 436
48 496
6 424
59 479
326 125
410 95
469 54
314 113
256 4
355 71
355 46
274 11
492 43
355 33
401 98
251 17
314 39
341 64
428 71
361 58
309 59
398 81
398 123
471 76
283 50
405 96
328 88
308 118
252 13
420 147
416 231
270 183
324 174
335 226
308 250
369 145
407 149
376 220
307 129
456 244
298 188
324 169
355 185
252 250
256 247
315 232
424 139
419 215
388 244
451 204
349 199
360 127
285 134
495 213
395 331
402 303
363 370
381 370
290 351
303 262
372 267
475 357
371 375
319 266
476 355
329 293
309 358
404 341
491 309
495 340
467 304
485 262
335 351
456 350
375 322
378 351
398 288
419 272
314 303
454 474
466 420
428 496
497 498
314 459
300 442
451 482
418 479
401 474
498 482
381 453
433 405
440 400
400 500
281 464
395 500
319 386
275 471
318 394
279 465
314 480
256 387
370 450
438 460
480 474
